ring_id,vertex_id,x,y
0,0,-36.18603818,-20.6855453
0,1,600,-50
0,2,1163.942308,-24.01442308
0,3,1471.791149,231.3170499
0,4,1348.192771,620.8835341
0,5,1060,795
0,6,400,850
0,7,157.1428571,789.2857143
0,8,-192.7673783,424.1501375
1,0,100,200
1,1,127.6964373,548.9751098
1,2,373.0769231,488.4615385
1,3,300,200
2,0,550,150
2,1,500,436.3636364
2,2,733.3333333,500
2,3,807.1428571,150
3,0,989.6551724,255.1724138
3,1,1173.423423,653.1531532
3,2,1262.5,475
3,3,1100,200
Total signed area in input: 9.845000e+05
Total signed area in output: 9.845000e+05
Total areal displacement: 6.485173e+04
