ring_id,vertex_id,x,y
0,0,-170.19392354,-208.36238516
0,1,204.46470267,-367.31900539
0,2,406.82879969,245.14637696
0,3,282.36546549,300.74313571
0,4,150.00000000,-20.00000000
0,5,5.20870286,142.61278980
0,6,224.17018709,256.26131563
0,7,10.00000000,360.00000000
0,8,-190.00000000,120.00000000
0,9,-379.34136240,65.90246788
0,10,-403.64577051,-276.57709990
1,0,-326.19456366,-58.28326180
1,1,-152.23642173,33.86581470
1,2,-149.11692028,-164.52984783
2,0,110.00000000,-260.00000000
2,1,32.85714286,-157.14285714
2,2,300.08703220,62.10617929
Total signed area in input: 2.840000e+05
Total signed area in output: 2.840000e+05
Total areal displacement: 1.370765e+05
