ring_id,vertex_id,x,y
0,0,0.00000000,0.00000000
0,1,41.00000000,2.00000000
0,2,100.00000000,0.00000000
0,3,102.00000000,41.00000000
0,4,100.00000000,100.00000000
0,5,59.00000000,102.00000000
0,6,0.00000000,100.00000000
0,7,-2.85714286,41.42857143
0,8,0.00000000,30.00000000
1,0,50.00000000,30.00000000
1,1,31.25000000,48.75000000
1,2,50.00000000,70.00000000
1,3,68.75000000,51.25000000
Total signed area in input: 9.450000e+03
Total signed area in output: 9.450000e+03
Total areal displacement: 3.840642e+02
