ring_id,vertex_id,x,y
0,0,800.00000000,0.00000000
0,1,1035.89743590,-94.35897436
0,2,1461.63917502,191.36769985
0,3,1334.33532318,676.34259017
0,4,945.78716515,802.61959974
0,5,217.64705882,845.58823529
0,6,-170.10559114,484.76285269
0,7,-87.30158730,52.38095238
0,8,166.33601984,-64.48853069
1,0,100.00000000,200.00000000
1,1,127.69643729,548.97510981
1,2,373.07692308,488.46153846
1,3,300.00000000,200.00000000
2,0,550.00000000,150.00000000
2,1,500.00000000,436.36363636
2,2,733.33333333,500.00000000
2,3,807.14285714,150.00000000
3,0,1262.50000000,475.00000000
3,1,1100.00000000,200.00000000
3,2,989.65517241,255.17241379
3,3,1173.42342342,653.15315315
Total signed area in input: 9.845000e+05
Total signed area in output: 9.845000e+05
Total areal displacement: 9.690952e+04
