ring_id,vertex_id,x,y
0,0,400.00000000,0.00000000
0,1,628.57142857,-34.28571429
0,2,1000.00000000,50.00000000
0,3,1250.00000000,-12.50000000
0,4,1193.96248872,729.99702445
0,5,385.39851222,1014.86716259
0,6,50.00000000,678.57142857
0,7,-50.00000000,300.00000000
0,8,37.58262512,-52.83286119
1,0,450.00000000,400.00000000
1,1,428.57142857,214.28571429
1,2,200.00000000,143.75000000
1,3,200.00000000,430.00000000
2,0,708.33333333,291.66666667
2,1,964.35643564,671.28712871
2,2,1058.50959174,428.01278898
2,3,820.29875645,179.70124355
Total signed area in input: 9.210000e+05
Total signed area in output: 9.210000e+05
Total areal displacement: 6.646056e+04
